# x y
0.000000000000000000e+00 0.000000000000000000e+00 0.000000000000000000e+00
5.000000000000000000e+01 0.000000000000000000e+00 -5.100000000000000000e+01
1.000000000000000000e+02 0.000000000000000000e+00 -5.600000000000000000e+01
1.500000000000000000e+02 0.000000000000000000e+00 -6.900000000000000000e+01
2.000000000000000000e+02 0.000000000000000000e+00 -7.200000000000000000e+01
2.500000000000000000e+02 0.000000000000000000e+00 -7.500000000000000000e+01
3.000000000000000000e+02 0.000000000000000000e+00 -8.300000000000000000e+01
3.500000000000000000e+02 0.000000000000000000e+00 -7.800000000000000000e+01
4.000000000000000000e+02 0.000000000000000000e+00 -8.300000000000000000e+01
4.500000000000000000e+02 0.000000000000000000e+00 -8.600000000000000000e+01
5.000000000000000000e+02 0.000000000000000000e+00 -8.800000000000000000e+01
4.924038765061040124e+01 8.682408883346516504e+00 -4.700000000000000000e+01
9.848077530122080248e+01 1.736481776669303301e+01 -5.900000000000000000e+01
1.477211629518311895e+02 2.604722665003955129e+01 -6.500000000000000000e+01
1.969615506024416050e+02 3.472963553338606602e+01 -7.100000000000000000e+01
2.462019382530519920e+02 4.341204441673258430e+01 -7.600000000000000000e+01
2.954423259036623790e+02 5.209445330007910258e+01 -7.800000000000000000e+01
3.446827135542728229e+02 6.077686218342561375e+01 -8.200000000000000000e+01
3.939231012048832099e+02 6.945927106677213203e+01 -8.300000000000000000e+01
4.431634888554935969e+02 7.814167995011864321e+01 -8.600000000000000000e+01
4.924038765061039840e+02 8.682408883346516859e+01 -8.700000000000000000e+01
4.698463103929542228e+01 1.710100716628343420e+01 -4.500000000000000000e+01
9.396926207859084457e+01 3.420201433256686840e+01 -5.600000000000000000e+01
1.409538931178862526e+02 5.130302149885030616e+01 -6.700000000000000000e+01
1.879385241571816891e+02 6.840402866513373681e+01 -7.500000000000000000e+01
2.349231551964770972e+02 8.550503583141717456e+01 -7.600000000000000000e+01
2.819077862357725053e+02 1.026060429977006123e+02 -7.900000000000000000e+01
3.288924172750679418e+02 1.197070501639840501e+02 -8.200000000000000000e+01
3.758770483143633783e+02 1.368080573302674736e+02 -8.500000000000000000e+01
4.228616793536588148e+02 1.539090644965509114e+02 -8.600000000000000000e+01
4.698463103929541944e+02 1.710100716628343491e+02 -8.600000000000000000e+01
4.330127018922193827e+01 2.499999999999999645e+01 -4.800000000000000000e+01
8.660254037844387653e+01 4.999999999999999289e+01 -5.800000000000000000e+01
1.299038105676658006e+02 7.499999999999998579e+01 -7.400000000000000000e+01
1.732050807568877531e+02 9.999999999999998579e+01 -7.600000000000000000e+01
2.165063509461096771e+02 1.249999999999999858e+02 -8.300000000000000000e+01
2.598076211353316012e+02 1.499999999999999716e+02 -8.300000000000000000e+01
3.031088913245535537e+02 1.749999999999999716e+02 -8.600000000000000000e+01
3.464101615137755061e+02 1.999999999999999716e+02 -8.400000000000000000e+01
3.897114317029974018e+02 2.249999999999999716e+02 -8.500000000000000000e+01
4.330127018922193542e+02 2.499999999999999716e+02 -8.800000000000000000e+01
3.830222215594890400e+01 3.213938048432696348e+01 -4.600000000000000000e+01
7.660444431189780801e+01 6.427876096865392697e+01 -5.800000000000000000e+01
1.149066664678467049e+02 9.641814145298089045e+01 -6.900000000000000000e+01
1.532088886237956160e+02 1.285575219373078539e+02 -7.600000000000000000e+01
1.915111107797445129e+02 1.606969024216348032e+02 -8.000000000000000000e+01
2.298133329356934098e+02 1.928362829059617809e+02 -8.300000000000000000e+01
2.681155550916423067e+02 2.249756633902887302e+02 -8.200000000000000000e+01
3.064177772475912320e+02 2.571150438746157079e+02 -8.600000000000000000e+01
3.447199994035401005e+02 2.892544243589426856e+02 -8.800000000000000000e+01
3.830222215594890258e+02 3.213938048432696064e+02 -8.700000000000000000e+01
3.213938048432697059e+01 3.830222215594890400e+01 -4.800000000000000000e+01
6.427876096865394118e+01 7.660444431189780801e+01 -5.700000000000000000e+01
9.641814145298090466e+01 1.149066664678467049e+02 -6.600000000000000000e+01
1.285575219373078824e+02 1.532088886237956160e+02 -7.100000000000000000e+01
1.606969024216348316e+02 1.915111107797445129e+02 -7.500000000000000000e+01
1.928362829059618093e+02 2.298133329356934098e+02 -8.100000000000000000e+01
2.249756633902887870e+02 2.681155550916423067e+02 -8.200000000000000000e+01
2.571150438746157647e+02 3.064177772475912320e+02 -8.300000000000000000e+01
2.892544243589426856e+02 3.447199994035401005e+02 -8.600000000000000000e+01
3.213938048432696633e+02 3.830222215594890258e+02 -8.500000000000000000e+01
2.500000000000000711e+01 4.330127018922193116e+01 -4.900000000000000000e+01
5.000000000000001421e+01 8.660254037844386232e+01 -5.800000000000000000e+01
7.500000000000001421e+01 1.299038105676658006e+02 -6.700000000000000000e+01
1.000000000000000284e+02 1.732050807568877246e+02 -7.400000000000000000e+01
1.250000000000000284e+02 2.165063509461096487e+02 -7.900000000000000000e+01
1.500000000000000284e+02 2.598076211353316012e+02 -7.800000000000000000e+01
1.750000000000000284e+02 3.031088913245534968e+02 -7.900000000000000000e+01
2.000000000000000568e+02 3.464101615137754493e+02 -8.000000000000000000e+01
2.250000000000000568e+02 3.897114317029973449e+02 -8.500000000000000000e+01
2.500000000000000568e+02 4.330127018922192974e+02 -8.500000000000000000e+01
1.710100716628344131e+01 4.698463103929541518e+01 -4.300000000000000000e+01
3.420201433256688262e+01 9.396926207859083036e+01 -5.600000000000000000e+01
5.130302149885032037e+01 1.409538931178862526e+02 -6.000000000000000000e+01
6.840402866513376523e+01 1.879385241571816607e+02 -6.500000000000000000e+01
8.550503583141720298e+01 2.349231551964770688e+02 -7.400000000000000000e+01
1.026060429977006407e+02 2.819077862357725053e+02 -7.600000000000000000e+01
1.197070501639840927e+02 3.288924172750678849e+02 -7.900000000000000000e+01
1.368080573302675305e+02 3.758770483143633214e+02 -7.900000000000000000e+01
1.539090644965509682e+02 4.228616793536587579e+02 -8.100000000000000000e+01
1.710100716628344060e+02 4.698463103929541376e+02 -7.600000000000000000e+01
8.682408883346520057e+00 4.924038765061040124e+01 -4.400000000000000000e+01
1.736481776669304011e+01 9.848077530122080248e+01 -5.600000000000000000e+01
2.604722665003956195e+01 1.477211629518311895e+02 -6.200000000000000000e+01
3.472963553338608023e+01 1.969615506024416050e+02 -6.500000000000000000e+01
4.341204441673260561e+01 2.462019382530519920e+02 -7.100000000000000000e+01
5.209445330007912389e+01 2.954423259036623790e+02 -7.600000000000000000e+01
6.077686218342564217e+01 3.446827135542728229e+02 -7.900000000000000000e+01
6.945927106677216045e+01 3.939231012048832099e+02 -7.900000000000000000e+01
7.814167995011868584e+01 4.431634888554935969e+02 -8.200000000000000000e+01
8.682408883346521122e+01 4.924038765061039840e+02 -8.400000000000000000e+01
3.061616997868383043e-15 5.000000000000000000e+01 -4.600000000000000000e+01
6.123233995736766085e-15 1.000000000000000000e+02 -6.400000000000000000e+01
9.184850993605148733e-15 1.500000000000000000e+02 -6.700000000000000000e+01
1.224646799147353217e-14 2.000000000000000000e+02 -7.000000000000000000e+01
1.530808498934191561e-14 2.500000000000000000e+02 -7.400000000000000000e+01
1.836970198721029747e-14 3.000000000000000000e+02 -7.600000000000000000e+01
2.143131898507868248e-14 3.500000000000000000e+02 -7.800000000000000000e+01
2.449293598294706434e-14 4.000000000000000000e+02 -8.100000000000000000e+01
2.755455298081544620e-14 4.500000000000000000e+02 -8.300000000000000000e+01
3.061616997868383121e-14 5.000000000000000000e+02 -8.800000000000000000e+01
-8.682408883346514727e+00 4.924038765061040124e+01 -4.500000000000000000e+01
-1.736481776669302945e+01 9.848077530122080248e+01 -5.700000000000000000e+01
-2.604722665003954418e+01 1.477211629518311895e+02 -7.000000000000000000e+01
-3.472963553338605891e+01 1.969615506024416050e+02 -7.300000000000000000e+01
-4.341204441673257719e+01 2.462019382530519920e+02 -7.800000000000000000e+01
-5.209445330007908836e+01 2.954423259036623790e+02 -8.100000000000000000e+01
-6.077686218342560664e+01 3.446827135542728229e+02 -8.200000000000000000e+01
-6.945927106677211782e+01 3.939231012048832099e+02 -8.600000000000000000e+01
-7.814167995011864321e+01 4.431634888554935969e+02 -8.000000000000000000e+01
-8.682408883346515438e+01 4.924038765061039840e+02 -8.200000000000000000e+01
-1.710100716628343420e+01 4.698463103929542228e+01 -4.400000000000000000e+01
-3.420201433256686840e+01 9.396926207859084457e+01 -5.600000000000000000e+01
-5.130302149885030616e+01 1.409538931178862526e+02 -5.800000000000000000e+01
-6.840402866513373681e+01 1.879385241571816891e+02 -6.400000000000000000e+01
-8.550503583141717456e+01 2.349231551964770972e+02 -6.800000000000000000e+01
-1.026060429977006123e+02 2.819077862357725053e+02 -7.400000000000000000e+01
-1.197070501639840501e+02 3.288924172750679418e+02 -7.900000000000000000e+01
-1.368080573302674736e+02 3.758770483143633783e+02 -8.000000000000000000e+01
-1.539090644965509114e+02 4.228616793536588148e+02 -8.100000000000000000e+01
-1.710100716628343491e+02 4.698463103929541944e+02 -8.400000000000000000e+01
-2.499999999999998934e+01 4.330127018922193827e+01 -4.200000000000000000e+01
-4.999999999999997868e+01 8.660254037844387653e+01 -5.300000000000000000e+01
-7.499999999999997158e+01 1.299038105676658006e+02 -5.600000000000000000e+01
-9.999999999999995737e+01 1.732050807568877531e+02 -6.400000000000000000e+01
-1.249999999999999432e+02 2.165063509461096771e+02 -6.900000000000000000e+01
-1.499999999999999432e+02 2.598076211353316012e+02 -7.300000000000000000e+01
-1.749999999999999147e+02 3.031088913245535537e+02 -7.600000000000000000e+01
-1.999999999999999147e+02 3.464101615137755061e+02 -7.800000000000000000e+01
-2.249999999999998863e+02 3.897114317029974018e+02 -7.700000000000000000e+01
-2.499999999999998863e+02 4.330127018922193542e+02 -7.700000000000000000e+01
-3.213938048432697059e+01 3.830222215594890400e+01 -4.600000000000000000e+01
-6.427876096865394118e+01 7.660444431189780801e+01 -5.700000000000000000e+01
-9.641814145298090466e+01 1.149066664678467049e+02 -6.000000000000000000e+01
-1.285575219373078824e+02 1.532088886237956160e+02 -6.900000000000000000e+01
-1.606969024216348316e+02 1.915111107797445129e+02 -7.300000000000000000e+01
-1.928362829059618093e+02 2.298133329356934098e+02 -7.400000000000000000e+01
-2.249756633902887870e+02 2.681155550916423067e+02 -7.800000000000000000e+01
-2.571150438746157647e+02 3.064177772475912320e+02 -8.000000000000000000e+01
-2.892544243589426856e+02 3.447199994035401005e+02 -7.900000000000000000e+01
-3.213938048432696633e+02 3.830222215594890258e+02 -8.200000000000000000e+01
-3.830222215594889690e+01 3.213938048432697059e+01 -4.400000000000000000e+01
-7.660444431189779380e+01 6.427876096865394118e+01 -5.500000000000000000e+01
-1.149066664678466907e+02 9.641814145298091887e+01 -5.900000000000000000e+01
-1.532088886237955876e+02 1.285575219373078824e+02 -6.600000000000000000e+01
-1.915111107797444845e+02 1.606969024216348600e+02 -7.100000000000000000e+01
-2.298133329356933814e+02 1.928362829059618377e+02 -7.600000000000000000e+01
-2.681155550916422499e+02 2.249756633902888154e+02 -7.700000000000000000e+01
-3.064177772475911752e+02 2.571150438746157647e+02 -7.800000000000000000e+01
-3.447199994035400437e+02 2.892544243589427424e+02 -7.900000000000000000e+01
-3.830222215594889690e+02 3.213938048432697201e+02 -7.900000000000000000e+01
-4.330127018922193827e+01 2.499999999999999645e+01 -4.900000000000000000e+01
-8.660254037844387653e+01 4.999999999999999289e+01 -6.000000000000000000e+01
-1.299038105676658006e+02 7.499999999999998579e+01 -7.100000000000000000e+01
-1.732050807568877531e+02 9.999999999999998579e+01 -7.700000000000000000e+01
-2.165063509461096771e+02 1.249999999999999858e+02 -8.200000000000000000e+01
-2.598076211353316012e+02 1.499999999999999716e+02 -8.200000000000000000e+01
-3.031088913245535537e+02 1.749999999999999716e+02 -8.200000000000000000e+01
-3.464101615137755061e+02 1.999999999999999716e+02 -8.200000000000000000e+01
-3.897114317029974018e+02 2.249999999999999716e+02 -7.500000000000000000e+01
-4.330127018922193542e+02 2.499999999999999716e+02 -8.500000000000000000e+01
-4.698463103929541518e+01 1.710100716628344486e+01 -4.900000000000000000e+01
-9.396926207859083036e+01 3.420201433256688972e+01 -5.700000000000000000e+01
-1.409538931178862526e+02 5.130302149885033458e+01 -6.200000000000000000e+01
-1.879385241571816607e+02 6.840402866513377944e+01 -6.900000000000000000e+01
-2.349231551964770688e+02 8.550503583141721720e+01 -6.800000000000000000e+01
-2.819077862357725053e+02 1.026060429977006692e+02 -7.600000000000000000e+01
-3.288924172750678849e+02 1.197070501639841069e+02 -7.600000000000000000e+01
-3.758770483143633214e+02 1.368080573302675589e+02 -8.100000000000000000e+01
-4.228616793536587579e+02 1.539090644965509966e+02 -8.300000000000000000e+01
-4.698463103929541376e+02 1.710100716628344344e+02 -8.000000000000000000e+01
-4.924038765061040124e+01 8.682408883346534267e+00 -4.700000000000000000e+01
-9.848077530122080248e+01 1.736481776669306853e+01 -5.700000000000000000e+01
-1.477211629518311895e+02 2.604722665003960458e+01 -6.100000000000000000e+01
-1.969615506024416050e+02 3.472963553338613707e+01 -6.400000000000000000e+01
-2.462019382530519920e+02 4.341204441673266956e+01 -7.400000000000000000e+01
-2.954423259036623790e+02 5.209445330007920916e+01 -7.400000000000000000e+01
-3.446827135542728229e+02 6.077686218342574165e+01 -7.600000000000000000e+01
-3.939231012048832099e+02 6.945927106677227414e+01 -7.100000000000000000e+01
-4.431634888554935969e+02 7.814167995011881374e+01 -7.700000000000000000e+01
-4.924038765061039840e+02 8.682408883346533912e+01 -7.800000000000000000e+01
-5.000000000000000000e+01 6.123233995736766085e-15 -4.600000000000000000e+01
-1.000000000000000000e+02 1.224646799147353217e-14 -5.700000000000000000e+01
-1.500000000000000000e+02 1.836970198721029747e-14 -6.800000000000000000e+01
-2.000000000000000000e+02 2.449293598294706434e-14 -7.500000000000000000e+01
-2.500000000000000000e+02 3.061616997868383121e-14 -6.900000000000000000e+01
-3.000000000000000000e+02 3.673940397442059493e-14 -7.300000000000000000e+01
-3.500000000000000000e+02 4.286263797015736496e-14 -7.700000000000000000e+01
-4.000000000000000000e+02 4.898587196589412868e-14 -8.000000000000000000e+01
-4.500000000000000000e+02 5.510910596163089240e-14 -7.900000000000000000e+01
-5.000000000000000000e+02 6.123233995736766243e-14 -7.800000000000000000e+01
